n:
class wise stats:
[ 0.25882353  0.06578947  0.37575758  0.46361186  0.7132216   0.28855721
  0.6988189   0.48275862  0.49142857  0.31770833  0.18880351]
[ 0.3963964   0.16129032  0.3803681   0.32149533  0.40658174  0.32132964
  0.35678392  0.55828221  0.51497006  0.57819905  0.61648746]
[ 0.31316726  0.09345794  0.37804878  0.37969095  0.51791751  0.30406291
  0.47238856  0.51778094  0.50292398  0.41008403  0.28907563]
total stats
0.410404624277
0.410404624277
0.410404624277
nlrs:
class wise stats:
[ 0.15611814  0.07090465  0.23908046  0.3458283   0.60633037  0.24150059
  0.5947644   0.33628319  0.29145729  0.17750827  0.15652819]
[ 0.66666667  0.44615385  0.62650602  0.52962963  0.64054336  0.56284153
  0.56686627  0.80851064  0.67836257  0.75233645  0.74558304]
[ 0.25299145  0.12236287  0.34608985  0.41843453  0.62296748  0.33798195
  0.58048033  0.475       0.40773286  0.28724353  0.25873697]
total stats
0.313273073264
0.626546146527
0.417697431018
bdmo:
class wise stats:
[ 0.25679758  0.09871245  0.38401254  0.64637002  0.88737864  0.46043165
  0.88805503  0.53692441  0.34610304  0.40542833  0.36629861]
[ 0.40572792  0.28278689  0.41245791  0.51174289  0.60316762  0.53872054
  0.61631944  0.58633776  0.44182125  0.64333782  0.80315789]
[ 0.31452359  0.14634146  0.39772727  0.57123146  0.71817706  0.49650892
  0.7276454   0.56054422  0.38814815  0.49739854  0.50313221]
total stats
0.52865064695
0.572954924875
0.549911873097
nbdmo:
class wise stats:
[ 0.29219144  0.11519608  0.43119266  0.71910871  0.91699164  0.53158224
  0.91347207  0.59024745  0.41742081  0.44436416  0.41598625]
[ 0.45579568  0.31438127  0.46078431  0.57474366  0.66801948  0.6097561
  0.67557716  0.65403226  0.50617284  0.68561873  0.86738351]
[ 0.3561013   0.16860987  0.44549763  0.63887223  0.7729514   0.56799198
  0.77671711  0.62050497  0.45753255  0.53923718  0.56230032]
total stats
0.574818852622
0.631905875475
0.602012044418
nlrsbdmo:
class wise stats:
[ 0.27148438  0.12660732  0.39387755  0.70398153  0.90792079  0.52409639
  0.90645002  0.5615337   0.39848197  0.40330189  0.40962872]
[ 0.54616896  0.42384106  0.53835425  0.65768194  0.74371452  0.68503937
  0.74504249  0.73049075  0.57298772  0.76084538  0.8980322 ]
[ 0.36268754  0.19497334  0.45492045  0.68004459  0.81765493  0.59385666
  0.81785873  0.63496503  0.47006156  0.52716763  0.56262258]
total stats
0.553803818151
0.704595185996
0.620164992136